N = 40;

x_known = [ -2 -1 1 -2 -2 -2 -1 1 -2 -2 1 1 -1 1 -1 2 2 -2 2 -1 1 -1 -2 -1 ...
-1 1 -1 -1 -1 -2 -2 -1 1 -2 1 -2 2 1 -1 1]';

y_known = [ -0.7675 0.3535 0.4217 -3.0507 -1.5612 1.4912 -2.3572 -2.4348 ...
-2.0231 -1.6645 1.5277 -2.4533 -3.0128 2.6960 0.3119 -1.1043 1.3866      ...
-1.3357 2.5954 2.2796 -2.9335 1.5833 -0.7097 0.1606 -0.3565 -2.3165      ...
-0.9245 -1.1843 0.7696 -1.5227 -1.9613 -0.5737 -1.6983 -2.9887 -0.1682   ...
0.3163 -1.4906 0.4978 -2.1433 1.9414]';

y_unknown = [-0.6531 -0.8021 -0.2157 -2.5487 -2.5155 -1.9951 -2.7509     ...
-2.4862 -2.6465 -2.6908 -1.1613 -1.9155 -2.2073 2.5031 2.1797 1.4706     ...
2.7541 2.5219 2.6573 2.0160 1.5851 1.8811 2.0953 -1.3944 -1.4173 -0.3120 ...
-1.3768 -1.5885 -1.4498 -1.3183 -0.6512 -1.1454 -0.8891 1.2324 1.2176    ...
0.5928 1.6677 1.2886 1.1421 1.4492 1.2375 1.1156 1.6963 -0.0694 0.0544   ...
0.2321 -0.0326 0.1639 0.0163 0.3913]';