ion_masses = {};
ion_spectra = {};
ion_names = {};
ion_names{1}='C24H48NO7P';
ion_masses{1}=[ 495 496 497 498 ];
ion_spectra{1}=[ 7.529308e-01 2.040431e-01 3.765005e-02 4.888804e-03 ];
ion_names{2}='C24H50NO7P';
ion_masses{2}=[ 497 498 499 500 ];
ion_spectra{2}=[ 7.527876e-01 2.041548e-01 3.768253e-02 4.887874e-03 ];
ion_names{3}='C24H48NO8P';
ion_masses{3}=[ 511 512 513 514 ];
ion_spectra{3}=[ 7.510897e-01 2.038453e-01 3.921725e-02 5.287264e-03 ];
ion_names{4}='C26H52NO7P';
ion_masses{4}=[ 523 524 525 526 ];
ion_spectra{4}=[ 7.366084e-01 2.158483e-01 4.132205e-02 5.648714e-03 ];
ion_names{5}='C26H54NO7P';
ion_masses{5}=[ 525 526 527 528 ];
ion_spectra{5}=[ 7.364690e-01 2.159548e-01 4.135620e-02 5.647645e-03 ];
ion_names{6}='C26H52NO8P';
ion_masses{6}=[ 539 540 541 542 ];
ion_spectra{6}=[ 7.348022e-01 2.156137e-01 4.285037e-02 6.081037e-03 ];
ion_names{7}='C28H54NO7P';
ion_masses{7}=[ 549 550 551 552 ];
ion_spectra{7}=[ 7.208151e-01 2.269569e-01 4.513360e-02 6.403007e-03 ];
ion_names{8}='C28H56NO7P';
ion_masses{8}=[ 551 552 553 554 ];
ion_spectra{8}=[ 7.206793e-01 2.270583e-01 4.516929e-02 6.401801e-03 ];
ion_names{9}='C28H58NO7P';
ion_masses{9}=[ 553 554 555 556 ];
ion_spectra{9}=[ 7.205436e-01 2.271596e-01 4.520497e-02 6.400596e-03 ];
ion_names{10}='C28H54NO8P';
ion_masses{10}=[ 565 566 567 568 569 ];
ion_spectra{10}=[ 7.190493e-01 2.266892e-01 4.662399e-02 6.858461e-03 7.790213e-04 ];
ion_names{11}='C28H56NO8P';
ion_masses{11}=[ 567 568 569 570 571 ];
ion_spectra{11}=[ 7.189142e-01 2.267904e-01 4.665931e-02 6.857172e-03 7.788750e-04 ];
ion_names{12}='C28H58NO8P';
ion_masses{12}=[ 569 570 571 572 573 ];
ion_spectra{12}=[ 7.187792e-01 2.268916e-01 4.669462e-02 6.855884e-03 7.787287e-04 ];
ion_names{13}='C30H58NO7P';
ion_masses{13}=[ 577 578 579 580 581 ];
ion_spectra{13}=[ 7.052386e-01 2.375899e-01 4.913670e-02 7.219648e-03 8.151145e-04 ];
ion_names{14}='C30H61N2O6P';
ion_masses{14}=[ 578 579 580 581 582 ];
ion_spectra{14}=[ 7.041638e-01 2.397718e-01 4.842196e-02 6.912442e-03 7.300012e-04 ];
ion_names{15}='C30H60NO7P';
ion_masses{15}=[ 579 580 581 582 583 ];
ion_spectra{15}=[ 7.051065e-01 2.376864e-01 4.917378e-02 7.218295e-03 8.149618e-04 ];
ion_names{16}='C30H62NO7P';
ion_masses{16}=[ 581 582 583 584 585 ];
ion_spectra{16}=[ 7.049745e-01 2.377829e-01 4.921084e-02 7.216943e-03 8.148091e-04 ];
ion_names{17}='C28H56NO9P';
ion_masses{17}=[ 583 584 585 586 587 ];
ion_spectra{17}=[ 7.171555e-01 2.265232e-01 4.814190e-02 7.310295e-03 8.691470e-04 ];
ion_names{18}='C30H58NO8P';
ion_masses{18}=[ 593 594 595 596 597 ];
ion_spectra{18}=[ 7.035132e-01 2.372907e-01 5.058894e-02 7.696859e-03 9.103014e-04 ];
ion_names{19}='C30H60NO8P';
ion_masses{19}=[ 595 596 597 598 599 ];
ion_spectra{19}=[ 7.033817e-01 2.373870e-01 5.062566e-02 7.695421e-03 9.101313e-04 ];
ion_names{20}='C30H62NO8P';
ion_masses{20}=[ 597 598 599 600 601 ];
ion_spectra{20}=[ 7.032503e-01 2.374834e-01 5.066236e-02 7.693983e-03 9.099613e-04 ];
ion_names{21}='C32H60NO7P';
ion_masses{21}=[ 603 604 605 606 607 ];
ion_spectra{21}=[ 6.901395e-01 2.475699e-01 5.324308e-02 8.103029e-03 9.445791e-04 ];
ion_names{22}='C32H62NO7P';
ion_masses{22}=[ 605 606 607 608 609 ];
ion_spectra{22}=[ 6.900109e-01 2.476618e-01 5.328144e-02 8.101519e-03 9.444031e-04 ];
ion_names{23}='C32H65N2O6P';
ion_masses{23}=[ 606 607 608 609 610 ];
ion_spectra{23}=[ 6.889701e-01 2.497773e-01 5.262991e-02 7.784403e-03 8.382168e-04 ];
ion_names{24}='C32H64NO7P';
ion_masses{24}=[ 607 608 609 610 611 ];
ion_spectra{24}=[ 6.898824e-01 2.477536e-01 5.331979e-02 8.100010e-03 9.442272e-04 ];
ion_names{25}='C31H62NO8P';
ion_masses{25}=[ 609 610 611 612 613 ];
ion_spectra{25}=[ 6.957569e-01 2.424780e-01 5.266372e-02 8.138552e-03 9.628678e-04 ];
ion_names{26}='C30H60NO9P';
ion_masses{26}=[ 611 612 613 614 615 ];
ion_spectra{26}=[ 7.016632e-01 2.370884e-01 5.207029e-02 8.170192e-03 1.007943e-03 ];
ion_names{27}='C32H60NO8P';
ion_masses{27}=[ 619 620 621 622 623 ];
ion_spectra{27}=[ 6.884592e-01 2.472431e-01 5.465823e-02 8.600905e-03 1.038570e-03 ];
ion_names{28}='C32H62NO8P';
ion_masses{28}=[ 621 622 623 624 625 ];
ion_spectra{28}=[ 6.883312e-01 2.473349e-01 5.469623e-02 8.599306e-03 1.038377e-03 ];
ion_names{29}='C32H64NO8P';
ion_masses{29}=[ 623 624 625 626 627 ];
ion_spectra{29}=[ 6.882033e-01 2.474266e-01 5.473423e-02 8.597708e-03 1.038184e-03 ];
ion_names{30}='C32H66NO8P';
ion_masses{30}=[ 625 626 627 628 629 ];
ion_spectra{30}=[ 6.880629e-01 2.475137e-01 5.477120e-02 8.595954e-03 1.056266e-03 ];
ion_names{31}='C34H60NO7P';
ion_masses{31}=[ 627 628 629 630 631 ];
ion_spectra{31}=[ 6.754522e-01 2.569122e-01 5.743033e-02 9.054480e-03 1.075553e-03 ];
ion_names{32}='C34H62NO7P';
ion_masses{32}=[ 629 630 631 632 633 ];
ion_spectra{32}=[ 6.753271e-01 2.569997e-01 5.746986e-02 9.052802e-03 1.075354e-03 ];
ion_names{33}='C34H64NO7P';
ion_masses{33}=[ 631 632 633 634 635 ];
ion_spectra{33}=[ 6.752020e-01 2.570871e-01 5.750938e-02 9.051126e-03 1.075155e-03 ];
ion_names{34}='C34H67N2O6P';
ion_masses{34}=[ 632 633 634 635 636 ];
ion_spectra{34}=[ 6.741569e-01 2.591248e-01 5.691466e-02 8.725058e-03 1.014219e-03 ];
ion_names{35}='C34H66NO7P';
ion_masses{35}=[ 633 634 635 636 637 ];
ion_spectra{35}=[ 6.750770e-01 2.571746e-01 5.754889e-02 9.049449e-03 1.074956e-03 ];
ion_names{36}='C34H69N2O6P';
ion_masses{36}=[ 634 635 636 637 638 ];
ion_spectra{36}=[ 6.739917e-01 2.591961e-01 5.695130e-02 8.782516e-03 1.013971e-03 ];
ion_names{37}='C33H64NO8P';
ion_masses{37}=[ 635 636 637 638 639 ];
ion_spectra{37}=[ 6.808269e-01 2.521382e-01 5.679498e-02 9.074456e-03 1.135781e-03 ];
ion_names{38}='C32H62NO9P';
ion_masses{38}=[ 637 638 639 640 641 ];
ion_spectra{38}=[ 6.866513e-01 2.470066e-01 5.610347e-02 9.094565e-03 1.144052e-03 ];
ion_names{39}='C32H64NO9P';
ion_masses{39}=[ 639 640 641 642 643 ];
ion_spectra{39}=[ 6.865241e-01 2.470981e-01 5.614111e-02 9.092879e-03 1.143840e-03 ];
ion_names{40}='C32H66NO9P';
ion_masses{40}=[ 641 642 643 644 645 ];
ion_spectra{40}=[ 6.863843e-01 2.471851e-01 5.617771e-02 9.091028e-03 1.161856e-03 ];
ion_names{41}='C34H60NO8P';
ion_masses{41}=[ 643 644 645 646 647 ];
ion_spectra{41}=[ 6.738001e-01 2.565540e-01 5.880759e-02 9.571652e-03 1.180934e-03 ];
ion_names{42}='C34H62NO8P';
ion_masses{42}=[ 645 646 647 648 649 ];
ion_spectra{42}=[ 6.736756e-01 2.566413e-01 5.884677e-02 9.569883e-03 1.180716e-03 ];
ion_names{43}='C34H64NO8P';
ion_masses{43}=[ 647 648 649 650 651 ];
ion_spectra{43}=[ 6.735511e-01 2.567286e-01 5.888594e-02 9.568115e-03 1.180498e-03 ];
ion_names{44}='C34H66NO8P';
ion_masses{44}=[ 649 650 651 652 653 ];
ion_spectra{44}=[ 6.734267e-01 2.568159e-01 5.892510e-02 9.566348e-03 1.180279e-03 ];
ion_names{45}='C35H73N2O6P';
ion_masses{45}=[ 650 651 652 653 654 ];
ion_spectra{45}=[ 6.665493e-01 2.638099e-01 5.919778e-02 9.279138e-03 1.094263e-03 ];
ion_names{46}='C34H68NO8P';
ion_masses{46}=[ 651 652 653 654 655 ];
ion_spectra{46}=[ 6.733023e-01 2.569031e-01 5.896424e-02 9.564581e-03 1.180061e-03 ];
ion_names{47}='C34H70NO8P';
ion_masses{47}=[ 653 654 655 656 657 ];
ion_spectra{47}=[ 6.731238e-01 2.569697e-01 5.899862e-02 9.642536e-03 1.179749e-03 ];
ion_names{48}='C32H64NO10P';
ion_masses{48}=[ 655 656 657 658 659 ];
ion_spectra{48}=[ 6.848509e-01 2.467705e-01 5.754098e-02 9.585610e-03 1.252012e-03 ];
ion_names{49}='C36H66NO7P';
ion_masses{49}=[ 657 658 659 660 661 ];
ion_spectra{49}=[ 6.607195e-01 2.659973e-01 6.184699e-02 1.006873e-02 1.279573e-03 ];
ion_names{50}='C36H68NO7P';
ion_masses{50}=[ 659 660 661 662 663 ];
ion_spectra{50}=[ 6.605979e-01 2.660805e-01 6.188754e-02 1.006688e-02 1.279338e-03 ];
ion_names{51}='C36H71N2O6P';
ion_masses{51}=[ 660 661 662 663 664 ];
ion_spectra{51}=[ 6.595590e-01 2.680449e-01 6.134799e-02 9.793334e-03 1.179564e-03 ];
ion_names{52}='C36H70NO7P';
ion_masses{52}=[ 661 662 663 664 665 ];
ion_spectra{52}=[ 6.604307e-01 2.661453e-01 6.192380e-02 1.013343e-02 1.279014e-03 ];
ion_names{53}='C36H73N2O6P';
ion_masses{53}=[ 662 663 664 665 666 ];
