% -------------------------------------------------------------------
%  Generated by MATLAB on 21-Oct-2014 11:49:01
%  MATLAB version: 8.3.0.532 (R2014a)
% -------------------------------------------------------------------
                                

N = 100;

T = ...
  [25.002114428445502 34.754921104787975 44.500595878297716 54.254076191970412 ...
   64.005940493669158 73.759538340515022 83.5020326873101 93.256468957417155 ...
   103.00956563647108 112.75457051218676 122.50422521674854 132.25596626397672 ...
   142.01085578284773 151.75865163156342 161.50624463969427 171.25351748831366 ...
   181.00703246393181 190.75515161793336 200.50411179245663 210.26528046665331 ...
   220.01483878405827 229.75489995826462 239.51456263691486 249.26886806467527 ...
   259.02104822881728 268.76484449925852 278.50826380688954 288.26268540456016 ...
   298.01464457695437 307.7559887062182 317.51126303041423 327.26775959151632 ...
   337.005515594416 346.76531803902122 356.51163859612058 366.2604313801383 ...
   376.00135201843415 385.77119929909151 395.52133965360645 405.2604626448329 ...
   415.0263079141792 424.77492215456039 434.512373740423 444.26086411639119 ...
   454.02578815559832 463.76744494816541 473.50685095240487 483.27736512207929 ...
   493.00390970104678 502.75670727572782 512.53037651838349 522.27101282707815 ...
   532.00001901475 541.76938820375972 551.518469830644 561.27763738904719 ...
   571.0031514071045 580.78391883005747 590.53565253965644 600.28341264246114 ...
   610.0215676663563 619.76426815353784 629.50488473479663 639.25170609643646 ...
   649.02802291800549 658.75503415291394 668.51106227231026 678.26719454416559 ...
   688.00439044222685 697.77400000135378 707.531085821419 717.2917644833185 ...
   727.00758718043869 736.79039401213731 746.52022464576328 756.2743676636976 ...
   766.00237974772176 775.78967607355537 785.5314160972996 795.27078827416267 ...
   805.00801526292491 814.76520620906979 824.53076553230528 834.28416521316819 ...
   844.02753008297418 853.79149673836878 863.52060054531171 873.25437946543286 ...
   883.0469524395487 892.76414695374376 902.53010012055438 912.29340873739193 ...
   922.01630248161609 931.7523485719064 941.5355616396165 951.283926999944 ...
   961.03841918935052 970.755187990791 980.54430060569189 990.25364426495491 ...
   ;
   25.000471146694437 34.754948954447542 44.502767814897091 54.258199812227822 ...
   64.0036352392357 73.755186217907749 83.503717350737972 93.262379623868625 ...
   103.01436540909762 112.76062221976704 122.50371528360132 132.26351899694836 ...
   142.00697261686858 151.75793884359697 161.51519641109863 171.26443516066783 ...
   181.01252164942113 190.76946150920466 200.50626587741425 210.26222219360258 ...
   220.01555822836889 229.76663413038273 239.5107939227847 249.25857855431661 ...
   259.02082292047686 268.76378620215883 278.50309728463162 288.26691473687856 ...
   298.01941477442728 307.75289740504019 317.51248217360529 327.27183490262274 ...
   337.00398885779072 346.76546205812576 356.51986120095586 366.25449991761496 ...
   376.02296039895396 385.7610721570523 395.52198387396606 405.26341784442832 ...
   415.01376420098308 424.76285751466548 434.50708265380752 444.27226332051924 ...
   454.00560985445804 463.77998742848331 473.51394970900691 483.26103400352946 ...
   493.00477023921286 502.76750109877889 512.52001597872277 522.2793995645585 ...
   532.031502440225 541.76761881420248 551.53340450431278 561.27192562721154 ...
   571.0236294637059 580.78740499233322 590.52227879323164 600.26875672322547 ...
   610.02459773252031 619.751950099587 629.50815529708143 639.27540791667434 ...
   649.020120009735 658.76991840742062 668.50853164880346 678.25849258806829 ...
   688.00589941086366 697.75217857445341 707.50267127909569 717.286441687714 ...
   727.01702775076478 736.76295966386249 746.52806781433458 756.28722935366568 ...
   766.00777056150866 775.755217592289 785.54441837918955 795.284165199188 ...
   805.01618357110669 814.75795375360281 824.52133974209585 834.28374001347 ...
   844.0138264120726 853.75331313063111 863.500619487229 873.26441678549872 ...
   883.01566478762436 892.75219863354266 902.50428755847781 912.27559880352544 ...
   922.01417486728269 931.78237843529 941.53446727135508 951.2772711410172 ...
   961.01662407736615 970.75633015184053 980.53974777200835 990.25442637298374 ...
   ;
   25.002992618343782 34.754515094291705 44.504597419530427 54.25718358943206 ...
   64.001180970395268 73.751112353534708 83.505821779167462 93.2573263631766 ...
   103.0036106055322 112.76099113636205 122.51107475289112 132.26169709449854 ...
   142.01651326699297 151.7586229556282 161.50912779203219 171.25946971985931 ...
   181.0039529297074 190.75570765817508 200.50198577190304 210.25951958630407 ...
   220.0145677036339 229.75554009810642 239.51099985091494 249.26621585720804 ...
   259.00641102480574 268.77217923149834 278.52441748589632 288.26441183363585 ...
   298.01406861666283 307.753004188791 317.51018389136374 327.2763850834159 ...
   337.01999872796023 346.77510632407484 356.52192670566666 366.26758276201696 ...
   376.00738402838726 385.77269552532482 395.51381098210629 405.25854670122226 ...
   415.02842253857244 424.77619885103229 434.52591523370489 444.26454820823415 ...
   454.02891170418485 463.76994093372889 473.52566433900716 483.26850052406212 ...
   493.023752830668 502.75521873873595 512.53319367594236 522.28169329704872 ...
   532.02229775606168 541.779443391102 551.52130900831958 561.25923196061729 ...
   571.024950109917 580.77928375512863 590.500652242123 600.28272111957585 ...
   610.00124928910247 619.76927438974826 629.50581463025276 639.26127467423521 ...
   649.0215988310664 658.78464894886531 668.523122785477 678.28908428385114 ...
   688.006913621352 697.78895494875769 707.5362510052754 717.28332844529984 ...
   727.00572154555027 736.76271139085782 746.50109241230325 756.26516370252637 ...
   766.02908058569687 775.793647353915 785.51279230469811 795.28659119700922 ...
   805.0025517110081 814.7594604630317 824.54154961160975 834.27574772511434 ...
   844.00618276170974 853.76124363918927 863.54184221906837 873.2713910006795 ...
   883.01402582125377 892.77397456185577 902.50385689176733 912.25523485211011 ...
   922.035985930275 931.77925419589815 941.53807960714823 951.26942547228452 ...
   961.029933924416 970.77720084753435 980.53653300764142 990.28991754320566 ...
   ;
   25.002354621281793 34.750237615003563 44.505667666083156 54.259686493302311 ...
   64.006830725462 73.753263595917034 83.50697344300066 93.263344839133978 ...
   103.01014183455796 112.75107506006393 122.51400265979559 132.25011631265588 ...
   142.00002075097751 151.76440836918772 161.50069254235183 171.25305442400875 ...
   181.01522305929009 190.76623870758254 200.51255819230315 210.2644101786689 ...
   220.02165665959117 229.75280009021165 239.51587287753941 249.26019376197502 ...
   259.01533651842033 268.75675056711395 278.51677192969561 288.26712625197655 ...
   298.02675631585254 307.75174152141727 317.52125506965086 327.27751326616811 ...
   337.00269477510653 346.76413578232 356.51538335944241 366.25786435953182 ...
   376.01345514106424 385.76216570143845 395.50061131109953 405.25623138823568 ...
   415.01252396659754 424.77446729442988 434.53112501021417 444.27764408738108 ...
   454.03320132136832 463.75524790747124 473.52829958742353 483.25311598291614 ...
   493.01733119566813 502.75194362960337 512.52487599475637 522.28565571538672 ...
   532.03603473141243 541.75837148400967 551.53134004588662 561.274935011622 ...
   571.02754752843236 580.77214082262435 590.50464169990312 600.25811022403025 ...
   610.02400532641218 619.75757914187216 629.50750356930246 639.27154386712186 ...
   649.01794590711916 658.78549909904041 668.52620589086484 678.25338388255682 ...
   688.025790349448 697.78048210509633 707.5393671874059 717.2717807592395 ...
   727.00131960210081 736.76432013094779 746.53646861607956 756.26944185085 ...
