% data for grade model problem
m = 7;
n = 78;
G = [...
   20   20   20   12   20   15   20;
   20   20   0   10   16   20   17;
   20   20   20   10   14   18   2;
   20   0   0   20   20   8   2;
   7   20   10   10   12   0   0;
   6   5   20   20   20   4   1;
   8   20   15   10   20   7   0;
   16   0   20   10   20   20   16;
   12   5   20   20   17   19   16;
   17   20   20   20   20   13   20;
   10   18   20   10   20   20   18;
   19   20   10   10   20   7   17;
   10   0   10   10   5   13   2;
   20   0   20   10   20   19   4;
   17   20   20   10   20   15   20;
   18   20   10   10   20   20   18;
   20   20   20   15   18   0   0;
   20   20   20   20   15   19   20;
   10   0   20   10   20   0   13;
   0   0   20   10   20   0   1;
   20   0   20   20   20   5   20;
   19   20   20   20   20   15   8;
   20   20   20   20   20   4   6;
   20   20   20   10   19   12   20;
   10   20   15   20   20   20   3;
   17   20   0   20   18   15   10;
   15   0   5   8   20   6   15;
   7   20   20   20   19   13   10;
   9   0   20   20   20   9   12;
   18   0   0   20   20   15   18;
   8   20   20   20   20   15   16;
   16   20   20   20   20   20   15;
   20   20   20   20   20   16   17;
   18   20   20   20   20   20   15;
   13   0   15   20   20   20   16;
   20   20   20   20   20   20   0;
   15   10   20   20   20   20   20;
   6   0   20   20   20   20   5;
   16   15   20   20   20   20   10;
   20   0   20   20   20   20   18;
   20   20   20   10   20   20   19;
   10   0   5   18   12   7   5;
   10   0   5   20   17   15   2;
   16   20   0   10   17   20   17;
   9   0   20   10   20   20   20;
   20   20   20   10   20   20   20;
   20   20   20   10   20   7   20;
   17   0   20   10   20   16   20;
   20   20   20   10   17   20   0;
   10   15   20   20   18   8   0;
   20   20   20   19   19   13   18;
   18   20   20   20   20   15   20;
   17   0   20   20   20   20   0;
   8   0   10   17   14   0   0;
   20   0   20   20   20   12   14;
   15   0   5   20   14   0   0;
   14   0   20   20   18   15   8;
   10   0   5   10   20   15   5;
   19   20   5   20   20   15   20;
   8   0   20   10   18   20   10;
   20   0   10   10   17   10   20;
   12   0   10   10   20   10   6;
   16   20   20   20   20   20   20;
   20   0   20   5   16   0   4;
   12   0   10   10   20   5   20;
   20   20   20   20   20   15   19;
   20   20   20   18   19   12   20;
   11   0   0   10   20   14   16;
   10   0   20   18   20   15   8;
   11   15   15   20   20   15   20;
   18   0   5   18   20   0   0;
   12   0   20   20   20   0   0;
   13   0   15   20   20   20   16;
   9   0   10   18   15   0   5;
   20   20   15   20   20   20   16;
   20   20   20   20   19   20   20;
   10   0   20   10   20   20   19;
   15   0   10   10   18   0   5;
]';
