N=100;
n=20;

A = [  -3.16157       -3.23618       -3.39714       -3.28363       -3.12574       -3.38417       -3.63314       -3.67908       -3.57880       -3.55694       -3.93156       -3.59332       -3.51939       -3.51703       -3.78061       -3.79425       -3.81037       -3.71708       -3.68700       -3.68767       -3.02509       -3.05074       -3.03496       -3.37963       -3.30828       -3.48747       -3.76795       -3.63781       -3.82792       -3.84969       -3.62338       -3.72080       -3.90727       -3.84041       -3.75970       -3.81044       -3.62548       -3.50144       -3.64054       -3.55402       -3.45676       -3.37631       -3.14181       -3.30599       -3.07090       -3.56525       -3.37906       -3.45549       -3.46619       -3.80665       -3.91610       -3.51905       -3.75861       -3.53218       -3.55007       -3.63229       -3.72780       -3.62096       -3.47106       -3.63839       -3.12485       -3.23639       -3.38850       -3.18732       -3.22602       -3.21455       -3.37471       -3.57676       -3.60364       -3.25678       -3.88145       -4.03564       -3.83400       -3.84010       -3.79464       -4.01852       -4.12026       -3.83111       -3.59462       -3.57681       -3.18613       -3.13735       -3.42701       -3.11346       -3.66996       -3.51365       -3.70084       -3.51134       -4.07716       -4.02569       -3.86293       -3.28223       -3.57235       -3.91163       -4.01799       -3.93999       -3.84253       -3.64680       -3.64823       -3.64145;
       12.93574       12.84626       13.43796       13.00471       13.31117       12.98826       13.14775       13.39955       12.70774       12.62817       12.74717       12.93369       12.73606       12.86168       12.80697       13.07129       12.86254       12.41782       12.38155       12.75294       13.09495       12.43620       13.31642       13.30178       13.25900       13.07956       13.05671       13.09230       12.88530       12.97768       13.06630       12.72844       12.99551       12.80086       12.50665       12.60013       12.46505       12.68756       12.50038       12.69968       12.93144       13.04471       13.28653       13.14087       12.97626       13.01728       12.98059       13.10412       12.87832       12.71339       13.16553       13.06959       13.08931       12.74441       12.73722       12.77591       12.78274       12.78731       12.62341       12.82351       13.16251       12.67824       13.12207       12.92018       13.22311       13.02851       13.21185       12.99401       13.07874       13.03780       12.75255       12.90300       13.16504       12.89605       13.16433       13.03824       12.48314       12.55021       12.55310       12.45009       12.90459       13.10551       13.41216       13.16890       12.77867       13.07155       12.92803       12.85936       13.10968       12.65711       12.72870       12.74931       12.73374       12.51628       12.50238       12.46101       12.78411       12.85132       12.92445       12.70150;
      -10.12369      -10.34390       -9.93912      -10.01578       -9.83570       -9.54133      -10.08962      -10.11638      -10.07732      -10.23819       -9.78701       -9.92143       -9.86628      -10.03513      -10.31672      -10.25573      -10.68084      -10.47002      -10.58940      -10.18874      -10.26728      -10.02932       -9.61733      -10.19361       -9.83783       -9.73227       -9.91418      -10.00364       -9.84084      -10.10573      -10.33257       -9.97414      -10.28479      -10.45022      -10.10362      -10.32963       -9.94138      -10.47714      -10.33240      -10.53096      -10.23194      -10.02253       -9.57349       -9.73814       -9.82442       -9.84739      -10.33201       -9.88685      -10.37597      -10.05652       -9.88500       -9.99578       -9.84597      -10.05912      -10.23528      -10.35020      -10.16110      -10.01305      -10.71528       -9.87312       -9.58060      -10.27762       -9.87322       -9.82544      -10.02255       -9.97550       -9.98832      -10.00444      -10.24436      -10.47269       -9.86118       -9.60893       -9.75601      -10.09214      -10.32780       -9.91798      -10.35475      -10.16148       -9.96206      -10.30425       -9.95646       -9.97315       -9.97103       -9.84934       -9.93141       -9.95312       -9.84452       -9.62145      -10.10937      -10.04647       -9.94300       -9.81171       -9.76477      -10.29830      -10.17643      -10.05542      -10.43584       -9.82618       -9.94916      -10.12054;
        0.46891        0.36808        0.62733        0.70862        0.74064        0.83737        0.61795        0.67920        0.68685        0.66082        0.67817        0.44067        0.46158        0.34028        0.67043        0.50139        0.19373        0.46806        0.71138        0.04394        0.30034        0.29335        0.80510        0.50446        0.96196        0.66190        0.87328        0.62954        0.60118        0.47885        0.73903        0.69357        0.64808        0.73255        0.62080        0.45133        0.53748        0.46113        0.50448        0.31306        0.34450        0.08286        0.63359        0.80463        0.57292        1.04353        0.88931        1.11834        0.64856        0.57922        0.91072        0.46096        0.74312        0.59751        0.55500        0.56877        0.45590        0.83464        0.20606        0.52321        0.51058        0.59304        0.82871        0.78791        1.03879        0.97607        0.73725        0.53097        0.79701        0.73988        0.72595        0.55782        0.44053        0.51602        0.42960        0.34846        0.76661        0.21455        0.27687        0.46460        0.32351        0.38549        0.80043        0.49964        0.80783        0.97179        0.55999        0.53546        0.71913        0.67061        0.67072        0.60913        0.69876        0.78104        0.55502        0.37498        0.51268        0.64000        0.31785        0.42888;
        2.63269        2.23027        2.83486        2.60118        2.68890        2.56117        2.37232        2.59997        2.49523        2.46676        2.91255        2.55083        2.56397        2.85198        2.25878        2.09878        2.18267        2.43686        2.54282        2.35944        2.77982        2.56975        2.87251        2.80422        2.66322        2.80135        2.83033        2.35709        2.56084        2.99403        2.49574        2.45354        2.47555        2.66954        2.60566        2.33140        2.54586        2.57815        2.65363        2.31793        2.41046        2.38079        2.66108        2.67474        2.60484        2.67978        2.97372        2.56960        2.79682        2.78409        2.68385        2.61724        2.40858        2.40366        2.11346        2.34655        2.46227        2.33377        2.05722        2.07175        2.60661        2.55679        2.36871        2.79333        2.76370        2.90096        2.59448        2.78814        2.60427        2.79751        2.30116        2.46743        2.76160        2.46476        2.13141        2.72635        2.00777        2.28734        2.27176        2.48955        2.43122        2.40979        2.93476        2.41920        2.59307        2.67186        2.72240        2.53992        2.94507        2.70021        2.56700        2.62171        2.32427        2.54559        2.57277        2.37724        2.36013        2.65104        2.28033        2.49120;
