% data for "one of these" problem
n = 6;
m = 300;
X = [...
    -6.173025e-01    -9.104067e-01    1.112926e+00    1.243512e+00    1.301670e+00    -6.673169e-01;
    -2.898830e+00    -1.077372e+00    -8.383337e-01    -1.538495e+00    -2.000483e+00    -2.943879e-01;
    -4.235323e+00    -3.103785e+00    -1.304033e+00    -2.254425e-01    -3.550367e-01    -1.217251e+00;
    -1.693476e+00    -1.695745e-01    -6.928346e-01    -9.626284e-01    -2.502247e+00    2.284314e+00;
    1.503046e+00    8.706795e-01    2.006956e+00    -3.142619e+00    -3.446406e+00    3.994219e+00;
    8.528102e-01    1.132281e+00    -7.912206e-01    -6.854731e-01    -1.775318e+00    2.740713e+00;
    3.337860e+00    2.051664e+00    -3.439065e-01    -9.610554e-01    3.384202e-01    -5.468335e-01;
    -8.851121e-01    5.538722e-01    6.648159e-01    6.765610e-01    -5.178202e-01    4.125818e-01;
    4.372445e-01    1.549266e+00    -8.747100e-01    3.291699e+00    1.570492e+00    1.782656e-01;
    1.933390e+00    1.346318e+00    -2.152410e+00    -2.246146e+00    -2.121447e+00    2.165755e+00;
    -5.388755e+00    -3.284741e+00    -2.935103e-01    -1.401702e+00    -4.096114e+00    4.425894e+00;
    -2.212451e+00    -1.262467e+00    2.046520e+00    -8.032130e-02    -2.390451e-01    -8.548883e-01;
    4.290977e+00    1.723957e+00    -1.974297e+00    1.502160e+00    4.398787e+00    -4.478265e+00;
    7.065223e-01    8.247003e-01    -5.611926e-01    -4.740803e-01    -9.451584e-01    1.323015e+00;
    -3.222689e+00    -1.302900e+00    -1.161166e-01    2.891521e+00    7.603990e-01    2.571363e-01;
    -2.290231e+00    -2.378810e+00    -6.497637e-01    -2.275149e+00    -1.081091e+00    -1.132975e+00;
    -2.978239e+00    -3.044917e+00    5.840007e-01    1.801152e+00    2.459964e+00    -2.932882e+00;
    -2.145012e+00    -1.512618e+00    -7.164706e-02    -1.954122e+00    -2.407515e+00    1.609580e+00;
    -7.160706e+00    -4.530841e+00    -8.153591e-01    -1.585558e+00    -2.056950e+00    -1.466223e+00;
    1.341334e+00    1.535766e+00    1.115537e+00    -3.224606e-01    -7.214860e-01    1.009054e+00;
    -7.325574e-01    -2.199049e-01    1.603293e+00    2.486593e+00    2.009903e+00    -1.379708e+00;
    2.742196e-01    9.958151e-01    1.999125e-01    -8.402184e-01    -2.186247e+00    2.888026e+00;
    2.013932e+00    2.238761e+00    -1.444342e+00    1.559512e+00    4.412129e-01    1.248109e+00;
    2.161214e+00    1.756987e+00    1.031851e-01    4.134774e-01    6.219325e-01    -1.746870e-01;
    -1.495759e+00    -8.328631e-01    2.016908e-01    -3.209272e+00    -3.179061e+00    1.387843e+00;
    -6.678536e+00    -4.004476e+00    -9.174969e-01    -2.414574e+00    -3.841000e+00    1.357892e+00;
    1.503267e+00    8.678746e-01    -8.600164e-01    -2.360331e+00    -1.774337e+00    1.250053e+00;
    2.835476e+00    1.449785e+00    -3.012509e-01    1.344122e-01    6.705297e-01    5.635368e-01;
    -4.411572e+00    -2.160861e+00    9.043347e-01    4.133572e-01    -2.135185e+00    2.621604e+00;
    1.577264e+00    4.540355e-01    1.145170e+00    -7.976213e-01    5.615472e-01    -1.069736e+00;
    2.463303e-01    7.858284e-01    1.246562e+00    -2.184630e-01    -4.525445e-01    5.733299e-02;
    6.289266e-01    -3.326461e-01    -1.188104e+00    -5.394758e-01    6.968570e-01    -1.268537e+00;
    1.920753e+00    1.202788e+00    7.785865e-01    3.815107e-01    7.870065e-01    -1.841875e-01;
    2.413234e+00    1.870243e+00    -1.308008e+00    9.492083e-01    1.131365e+00    -3.644993e-01;
    6.333705e+00    3.763812e+00    3.498198e-01    3.501310e+00    4.165110e+00    -5.450243e-01;
    2.908408e+00    2.852690e+00    3.491335e-01    6.878140e-01    5.541849e-01    7.597609e-03;
    -5.608749e+00    -2.796909e+00    -2.494167e-01    -8.926929e-01    -2.863668e+00    1.410665e+00;
    1.750766e+00    1.457533e+00    -9.587762e-01    1.115759e+00    1.238900e+00    -6.859181e-01;
    -2.064894e+00    -3.299780e-01    7.995053e-01    -3.074513e+00    -5.349257e+00    5.329225e+00;
    4.316346e+00    3.791929e+00    1.633705e-04    8.413778e-01    4.516027e-01    1.181110e+00;
    2.488830e-01    -1.752534e-01    -1.135574e+00    7.990873e-02    1.476079e+00    -2.828608e+00;
    -2.867981e+00    -1.400810e+00    5.189667e-01    1.040919e+00    1.003573e+00    -2.704989e+00;
    1.191961e+00    1.696979e+00    -1.479520e+00    1.221348e+00    4.990226e-01    1.619389e-01;
    1.342209e+00    1.172245e+00    -1.536623e+00    9.657232e-01    1.638255e+00    -2.064749e+00;
    4.308198e+00    3.615759e+00    -2.244592e+00    9.917027e-01    6.119115e-01    1.196291e+00;
    1.178476e+00    1.432834e+00    -1.892665e-01    1.868969e+00    6.822004e-01    1.136888e+00;
    5.379347e-01    -8.658552e-01    -1.646236e+00    6.946228e-01    3.112300e+00    -4.421170e+00;
    2.095148e+00    1.434841e+00    -2.012338e+00    -1.012503e+00    -1.059794e+00    1.762046e+00;
    -2.061298e+00    -1.162189e+00    -1.716750e+00    -5.183952e-01    -1.016677e+00    2.543954e-01;
    -1.438279e+00    7.482501e-01    -1.188167e+00    -9.686102e-01    -2.815308e+00    2.157479e+00;
    -2.282304e+00    -1.816307e+00    2.440492e+00    -1.044335e+00    -1.110114e+00    2.670546e-01;
    -1.492189e+00    -1.389414e+00    -1.667576e+00    -2.152298e-01    3.419971e-02    -6.690568e-01;
    9.429437e-01    1.652481e+00    2.600141e-01    1.616415e+00    -1.086741e-01    2.004658e+00;
    4.023634e+00    2.088841e+00    7.998542e-02    2.710833e+00    3.245914e+00    -5.921002e-01;
    7.649714e-01    -2.459225e-01    -3.502517e-01    1.351688e+00    2.765003e+00    -3.009269e+00;
    -4.382427e+00    -3.489075e+00    -2.319611e+00    -7.088152e-01    7.388697e-02    -2.737716e+00;
    -2.043220e+00    -2.123694e-01    -1.531922e+00    1.109647e+00    -2.767938e-01    -5.674739e-02;
    -4.981678e+00    -2.179407e+00    -6.750422e-01    6.223529e-01    -1.264541e+00    1.202172e-01;
    -7.183487e-01    -1.285945e+00    2.441410e+00    -1.210858e+00    -4.040317e-01    -2.364725e-01;
    1.967817e+00    1.629572e+00    -1.053916e+00    1.233186e+00    1.018787e+00    9.538851e-02;
    -1.164550e+00    -3.170727e-02    1.350666e+00    2.945207e+00    1.285049e+00    2.422168e-01;
    -1.378101e+00    -8.604129e-01    -6.873618e-01    1.143897e+00    1.429362e+00    -2.282027e+00;
    9.277709e-01    1.407190e-01    6.106570e-01    -1.429085e+00    -9.489196e-01    9.984862e-01;
    -3.509093e-01    -3.713256e-01    -1.377497e+00    7.600748e-01    1.208476e+00    -1.644507e+00;
    -7.358440e-01    -9.180330e-01    -1.143063e+00    -1.519298e-01    -1.173305e-02    -4.206210e-02;
    -1.087498e-01    -1.137050e-01    -1.676831e-01    2.189745e-01    3.840206e-01    -5.523423e-01;
    2.160574e+00    9.564945e-01    1.060296e+00    3.118621e+00    3.766163e+00    -2.150293e+00;
    -2.608895e+00    -1.466208e+00    1.465109e+00    8.030078e-01    -1.239625e+00    2.679061e+00;
    -4.997449e-01    -5.494082e-01    -4.292189e-01    -1.402849e+00    -1.356175e+00    9.782710e-01;
    4.355030e-01    1.957942e-01    -4.849930e-01    1.408882e-01    -1.245809e-01    8.584604e-01;
    -2.280872e+00    -2.547918e+00    -3.693665e-01    -1.362762e+00    1.816261e-01    -2.396702e+00;
    -3.145448e-01    -3.882629e-01    6.196700e-01    -3.327962e+00    -3.537837e+00    3.071872e+00;
    -1.144481e+00    -1.009471e+00    3.620649e-01    1.758314e+00    1.313091e+00    -4.676347e-01;
    -2.519756e+00    -1.307206e+00    1.245388e+00    9.565718e-03    -7.079289e-01    3.522207e-02;
    -2.537130e+00    -1.259127e+00    -2.404966e+00    -5.966997e-01    -9.896749e-01    -4.608854e-01;
    1.950564e+00    1.177132e+00    -3.906886e-01    -4.235367e-01    -3.892264e-01    1.307277e+00;
    5.149903e+00    1.729118e+00    -2.337034e-01    3.516154e+00    6.078040e+00    -3.997788e+00;
    -5.814699e+00    -3.513076e+00    2.332979e+00    1.840459e-02    -1.988571e+00    1.537359e+00;
